{
  "experiment": "Pairwise PID Synergy Matrices on Benchmark Datasets",
  "method": "PID_BROJA (small) / PID_MMI (large) with Co-Information baseline",
  "n_bins": 5,
  "broja_pair_limit": 100,
  "aggregate": {
    "total_datasets_processed": 12,
    "total_pairs_computed": 2569,
    "total_errors": 0,
    "total_time_s": 1197.64,
    "xor_validation": {
      "xor_broja_synergy": 1.0,
      "xor_broja_redundancy": 0.0,
      "xor_broja_unique_0": -0.0,
      "xor_broja_unique_1": -0.0,
      "xor_mmi_synergy": 1.0,
      "xor_mmi_redundancy": 0.0,
      "xor_conservation_total": 1.0,
      "and_broja_synergy": 0.5,
      "and_broja_redundancy": 0.311278,
      "xor_synergy_pass": true,
      "xor_redundancy_pass": true,
      "conservation_pass": true
    },
    "per_dataset_summary": [
      {
        "dataset": "banknote",
        "n_samples": 1372,
        "n_features": 4,
        "n_features_used": 4,
        "n_classes": 2,
        "pid_method": "BROJA",
        "n_pairs": 6,
        "completed_pairs": 6,
        "total_time_s": 17.51,
        "synergy_mean": 0.159879,
        "synergy_std": 0.082002,
        "synergy_max": 0.261054,
        "synergy_min": 0.045298,
        "mi_comparison_jaccard": 1.0,
        "mi_comparison_spearman": -0.6325,
        "synergy_graph_edges": 2,
        "synergy_graph_components": 2,
        "synergy_graph_largest_clique": 2
      },
      {
        "dataset": "iris",
        "n_samples": 150,
        "n_features": 4,
        "n_features_used": 4,
        "n_classes": 3,
        "pid_method": "BROJA",
        "n_pairs": 6,
        "completed_pairs": 6,
        "total_time_s": 14.53,
        "synergy_mean": 0.149404,
        "synergy_std": 0.073517,
        "synergy_max": 0.2548,
        "synergy_min": 0.055904,
        "mi_comparison_jaccard": 1.0,
        "mi_comparison_spearman": -0.7379,
        "synergy_graph_edges": 2,
        "synergy_graph_components": 2,
        "synergy_graph_largest_clique": 2
      },
      {
        "dataset": "pima_diabetes",
        "n_samples": 768,
        "n_features": 8,
        "n_features_used": 8,
        "n_classes": 2,
        "pid_method": "BROJA",
        "n_pairs": 28,
        "completed_pairs": 28,
        "total_time_s": 83.77,
        "synergy_mean": 0.040228,
        "synergy_std": 0.015216,
        "synergy_max": 0.08453,
        "synergy_min": 0.014337,
        "mi_comparison_jaccard": 0.3571,
        "mi_comparison_spearman": 0.8264,
        "synergy_graph_edges": 7,
        "synergy_graph_components": 3,
        "synergy_graph_largest_clique": 3,
        "stability_mean_rho": 0.7802,
        "stability_std_rho": 0.0603
      },
      {
        "dataset": "diabetes_binarized",
        "n_samples": 442,
        "n_features": 10,
        "n_features_used": 10,
        "n_classes": 2,
        "pid_method": "BROJA",
        "n_pairs": 45,
        "completed_pairs": 45,
        "total_time_s": 116.13,
        "synergy_mean": 0.0356,
        "synergy_std": 0.024186,
        "synergy_max": 0.098472,
        "synergy_min": 0.0,
        "mi_comparison_jaccard": 0.2222,
        "mi_comparison_spearman": 0.7012,
        "synergy_graph_edges": 12,
        "synergy_graph_components": 3,
        "synergy_graph_largest_clique": 4
      },
      {
        "dataset": "wine",
        "n_samples": 178,
        "n_features": 13,
        "n_features_used": 13,
        "n_classes": 3,
        "pid_method": "BROJA",
        "n_pairs": 78,
        "completed_pairs": 78,
        "total_time_s": 392.7,
        "synergy_mean": 0.187343,
        "synergy_std": 0.059025,
        "synergy_max": 0.320256,
        "synergy_min": 0.036017,
        "mi_comparison_jaccard": 0.1224,
        "mi_comparison_spearman": -0.4793,
        "synergy_graph_edges": 20,
        "synergy_graph_components": 1,
        "synergy_graph_largest_clique": 3
      },
      {
        "dataset": "heart_statlog",
        "n_samples": 270,
        "n_features": 13,
        "n_features_used": 13,
        "n_classes": 2,
        "pid_method": "BROJA",
        "n_pairs": 78,
        "completed_pairs": 78,
        "total_time_s": 63.25,
        "synergy_mean": 0.020155,
        "synergy_std": 0.030969,
        "synergy_max": 0.107632,
        "synergy_min": 0.0,
        "mi_comparison_jaccard": 0.2222,
        "mi_comparison_spearman": 0.8934,
        "synergy_graph_edges": 20,
        "synergy_graph_components": 6,
        "synergy_graph_largest_clique": 5
      },
      {
        "dataset": "vehicle",
        "n_samples": 846,
        "n_features": 18,
        "n_features_used": 18,
        "n_classes": 4,
        "pid_method": "MMI",
        "n_pairs": 153,
        "completed_pairs": 153,
        "total_time_s": 15.59,
        "synergy_mean": 0.208959,
        "synergy_std": 0.109187,
        "synergy_max": 0.609284,
        "synergy_min": 0.028709,
        "mi_comparison_jaccard": 0.1702,
        "mi_comparison_spearman": 0.8905,
        "synergy_graph_edges": 39,
        "synergy_graph_components": 3,
        "synergy_graph_largest_clique": 3
      },
      {
        "dataset": "breast_cancer_wisconsin_diagnostic",
        "n_samples": 569,
        "n_features": 30,
        "n_features_used": 30,
        "n_classes": 2,
        "pid_method": "MMI",
        "n_pairs": 435,
        "completed_pairs": 435,
        "total_time_s": 29.86,
        "synergy_mean": 0.069701,
        "synergy_std": 0.043998,
        "synergy_max": 0.226277,
        "synergy_min": 0.006825,
        "mi_comparison_jaccard": 0.0,
        "mi_comparison_spearman": 0.3165,
        "synergy_graph_edges": 109,
        "synergy_graph_components": 3,
        "synergy_graph_largest_clique": 4,
        "stability_mean_rho": 0.9524,
        "stability_std_rho": 0.0078
      },
      {
        "dataset": "ionosphere",
        "n_samples": 351,
        "n_features": 34,
        "n_features_used": 30,
        "n_classes": 2,
        "pid_method": "MMI",
        "n_pairs": 435,
        "completed_pairs": 435,
        "total_time_s": 28.44,
        "synergy_mean": 0.156023,
        "synergy_std": 0.044182,
        "synergy_max": 0.331875,
        "synergy_min": 0.041364,
        "mi_comparison_jaccard": 0.0,
        "mi_comparison_spearman": -0.1725,
        "synergy_graph_edges": 109,
        "synergy_graph_components": 2,
        "synergy_graph_largest_clique": 4
      },
      {
        "dataset": "sonar",
        "n_samples": 208,
        "n_features": 60,
        "n_features_used": 30,
        "n_classes": 2,
        "pid_method": "MMI",
        "n_pairs": 435,
        "completed_pairs": 435,
        "total_time_s": 34.14,
        "synergy_mean": 0.122725,
        "synergy_std": 0.03621,
        "synergy_max": 0.249205,
        "synergy_min": 0.034153,
        "mi_comparison_jaccard": 0.0377,
        "mi_comparison_spearman": 0.3986,
        "synergy_graph_edges": 109,
        "synergy_graph_components": 1,
        "synergy_graph_largest_clique": 5
      },
      {
        "dataset": "spectf_heart",
        "n_samples": 349,
        "n_features": 44,
        "n_features_used": 30,
        "n_classes": 2,
        "pid_method": "MMI",
        "n_pairs": 435,
        "completed_pairs": 435,
        "total_time_s": 29.76,
        "synergy_mean": 0.096875,
        "synergy_std": 0.023401,
        "synergy_max": 0.160316,
        "synergy_min": 0.025071,
        "mi_comparison_jaccard": 0.0577,
        "mi_comparison_spearman": 0.3075,
        "synergy_graph_edges": 109,
        "synergy_graph_components": 1,
        "synergy_graph_largest_clique": 4
      },
      {
        "dataset": "breast_cancer",
        "n_samples": 569,
        "n_features": 30,
        "n_features_used": 30,
        "n_classes": 2,
        "pid_method": "MMI",
        "n_pairs": 435,
        "completed_pairs": 435,
        "total_time_s": 28.22,
        "synergy_mean": 0.069701,
        "synergy_std": 0.043998,
        "synergy_max": 0.226277,
        "synergy_min": 0.006825,
        "mi_comparison_jaccard": 0.0,
        "mi_comparison_spearman": 0.3165,
        "synergy_graph_edges": 109,
        "synergy_graph_components": 3,
        "synergy_graph_largest_clique": 4,
        "stability_mean_rho": 0.9524,
        "stability_std_rho": 0.0078
      }
    ]
  },
  "per_dataset_full": [
    {
      "dataset": "banknote",
      "n_samples": 1372,
      "n_features": 4,
      "n_features_used": 4,
      "n_classes": 2,
      "source": "data_id2",
      "pid_method": "BROJA",
      "synergy_matrix": [
        [
          0.0,
          0.19284855442795834,
          0.10873310772534506,
          0.09573554981936727
        ],
        [
          0.19284855442795834,
          0.0,
          0.25560578403167344,
          0.2610538968385381
        ],
        [
          0.10873310772534506,
          0.25560578403167344,
          0.0,
          0.04529830385574973
        ],
        [
          0.09573554981936727,
          0.2610538968385381,
          0.04529830385574973,
          0.0
        ]
      ],
      "coi_matrix": [
        [
          0.0,
          -0.10376986499558377,
          -0.033392896890022006,
          -0.0036866055984147716
        ],
        [
          -0.10376986499558377,
          0.0,
          -0.03339289689002198,
          -0.003686605598414744
        ],
        [
          -0.033392896890022006,
          -0.03339289689002198,
          0.0,
          -0.003686605598414744
        ],
        [
          -0.0036866055984147716,
          -0.003686605598414744,
          -0.003686605598414744,
          0.0
        ]
      ],
      "mi_values": {
        "V1": 0.340878,
        "V2": 0.10377,
        "V3": 0.033393,
        "V4": 0.003687
      },
      "mi_comparison": {
        "jaccard_overlap": 1.0,
        "spearman_rho": -0.6325,
        "spearman_pval": 0.367544,
        "top_synergy_pairs": [
          {
            "feature_i": "V2",
            "feature_j": "V4",
            "synergy": 0.261054
          },
          {
            "feature_i": "V2",
            "feature_j": "V3",
            "synergy": 0.255606
          },
          {
            "feature_i": "V1",
            "feature_j": "V2",
            "synergy": 0.192849
          },
          {
            "feature_i": "V1",
            "feature_j": "V3",
            "synergy": 0.108733
          },
          {
            "feature_i": "V1",
            "feature_j": "V4",
            "synergy": 0.095736
          }
        ],
        "n_top_synergy": 6,
        "n_top_mi_pairs": 6,
        "n_overlap": 6
      },
      "synergy_graph": {
        "threshold": 0.239916,
        "n_edges": 2,
        "n_nodes": 4,
        "n_components": 2,
        "largest_clique_size": 2,
        "top_5_edges": [
          {
            "feature_i": "V2",
            "feature_j": "V4",
            "synergy": 0.261054
          },
          {
            "feature_i": "V2",
            "feature_j": "V3",
            "synergy": 0.255606
          }
        ]
      },
      "timing": {
        "total_time_s": 17.51,
        "avg_time_per_pair_s": 2.9183,
        "n_pairs": 6,
        "completed_pairs": 6
      }
    },
    {
      "dataset": "iris",
      "n_samples": 150,
      "n_features": 4,
      "n_features_used": 4,
      "n_classes": 3,
      "source": "data_id2",
      "pid_method": "BROJA",
      "synergy_matrix": [
        [
          0.0,
          0.25480028218439177,
          0.07529595666787925,
          0.05590402208876233
        ],
        [
          0.25480028218439177,
          0.0,
          0.20487180366087188,
          0.1974202035662702
        ],
        [
          0.07529595666787925,
          0.20487180366087188,
          0.0,
          0.10813075976333986
        ],
        [
          0.05590402208876233,
          0.1974202035662702,
          0.10813075976333986,
          0.0
        ]
      ],
      "coi_matrix": [
        [
          0.0,
          -0.27508368788186005,
          -0.8138463292652816,
          -0.7578743419892233
        ],
        [
          -0.27508368788186005,
          0.0,
          -0.8138463292652816,
          -0.7578743419892233
        ],
        [
          -0.8138463292652816,
          -0.8138463292652816,
          0.0,
          -0.7578743419892233
        ],
        [
          -0.7578743419892233,
          -0.7578743419892233,
          -0.7578743419892233,
          0.0
        ]
      ],
      "mi_values": {
        "sepal length (cm)": 0.472433,
        "sepal width (cm)": 0.275084,
        "petal length (cm)": 0.813846,
        "petal width (cm)": 0.757874
      },
      "mi_comparison": {
        "jaccard_overlap": 1.0,
        "spearman_rho": -0.7379,
        "spearman_pval": 0.262135,
        "top_synergy_pairs": [
          {
            "feature_i": "sepal length (cm)",
            "feature_j": "sepal width (cm)",
            "synergy": 0.2548
          },
          {
            "feature_i": "sepal width (cm)",
            "feature_j": "petal length (cm)",
            "synergy": 0.204872
          },
          {
            "feature_i": "sepal width (cm)",
            "feature_j": "petal width (cm)",
            "synergy": 0.19742
          },
          {
            "feature_i": "petal length (cm)",
            "feature_j": "petal width (cm)",
            "synergy": 0.108131
          },
          {
            "feature_i": "sepal length (cm)",
            "feature_j": "petal length (cm)",
            "synergy": 0.075296
          }
        ],
        "n_top_synergy": 6,
        "n_top_mi_pairs": 6,
        "n_overlap": 6
      },
      "synergy_graph": {
        "threshold": 0.203009,
        "n_edges": 2,
        "n_nodes": 4,
        "n_components": 2,
        "largest_clique_size": 2,
        "top_5_edges": [
          {
            "feature_i": "sepal length (cm)",
            "feature_j": "sepal width (cm)",
            "synergy": 0.2548
          },
          {
            "feature_i": "sepal width (cm)",
            "feature_j": "petal length (cm)",
            "synergy": 0.204872
          }
        ]
      },
      "timing": {
        "total_time_s": 14.53,
        "avg_time_per_pair_s": 2.4225,
        "n_pairs": 6,
        "completed_pairs": 6
      }
    },
    {
      "dataset": "pima_diabetes",
      "n_samples": 768,
      "n_features": 8,
      "n_features_used": 8,
      "n_classes": 2,
      "source": "data_id2",
      "pid_method": "BROJA",
      "synergy_matrix": [
        [
          0.0,
          0.04970215219887164,
          0.024016502663652517,
          0.03602224340555038,
          0.04374446377107,
          0.0569011673995834,
          0.036130581201970546,
          0.04629567004407331
        ],
        [
          0.04970215219887164,
          0.0,
          0.034559952564176655,
          0.03437256740244532,
          0.02358420568155295,
          0.07625196611941809,
          0.03430231747262402,
          0.05540669812785959
        ],
        [
          0.024016502663652517,
          0.034559952564176655,
          0.0,
          0.02716567560549832,
          0.033606102629887724,
          0.030734170528802007,
          0.03101652654648257,
          0.02021772371894004
        ],
        [
          0.03602224340555038,
          0.03437256740244532,
          0.02716567560549832,
          0.0,
          0.032202242934562086,
          0.01433733748414534,
          0.04118232669438626,
          0.05409291122450677
        ],
        [
          0.04374446377107,
          0.02358420568155295,
          0.033606102629887724,
          0.032202242934562086,
          0.0,
          0.046038159072951945,
          0.03877288782129895,
          0.04999318862708524
        ],
        [
          0.0569011673995834,
          0.07625196611941809,
          0.030734170528802007,
          0.01433733748414534,
          0.046038159072951945,
          0.0,
          0.03745620402253591,
          0.08453048852678591
        ],
        [
          0.036130581201970546,
          0.03430231747262402,
          0.03101652654648257,
          0.04118232669438626,
          0.03877288782129895,
          0.03745620402253591,
          0.0,
          0.033742996703762795
        ],
        [
          0.04629567004407331,
          0.05540669812785959,
          0.02021772371894004,
          0.05409291122450677,
          0.04999318862708524,
          0.08453048852678591,
          0.033742996703762795,
          0.0
        ]
      ],
      "coi_matrix": [
        [
          0.0,
          -0.12290016224436101,
          -0.01937986757048979,
          -0.028113387452486163,
          -0.040843907506026844,
          -0.05886601062110214,
          -0.01682271809428372,
          -0.053222621367728984
        ],
        [
          -0.12290016224436101,
          0.0,
          -0.019379867570489775,
          -0.028113387452486163,
          -0.04084390750602683,
          -0.05886601062110215,
          -0.01682271809428372,
          -0.053222621367729
        ],
        [
          -0.01937986757048979,
          -0.019379867570489775,
          0.0,
          -0.028113387452486163,
          -0.04084390750602684,
          -0.05886601062110214,
          -0.01682271809428372,
          -0.053222621367728984
        ],
        [
          -0.028113387452486163,
          -0.028113387452486163,
          -0.028113387452486163,
          0.0,
          -0.04084390750602683,
          -0.05886601062110214,
          -0.01682271809428372,
          -0.053222621367728984
        ],
        [
          -0.040843907506026844,
          -0.04084390750602683,
          -0.04084390750602684,
          -0.04084390750602683,
          0.0,
          -0.058866010621102145,
          -0.01682271809428372,
          -0.05322262136772899
        ],
        [
          -0.05886601062110214,
          -0.05886601062110215,
          -0.05886601062110214,
          -0.05886601062110214,
          -0.058866010621102145,
          0.0,
          -0.01682271809428372,
          -0.053222621367728984
        ],
        [
          -0.01682271809428372,
          -0.01682271809428372,
          -0.01682271809428372,
          -0.01682271809428372,
          -0.01682271809428372,
          -0.01682271809428372,
          0.0,
          -0.053222621367728984
        ],
        [
          -0.053222621367728984,
          -0.053222621367729,
          -0.053222621367728984,
          -0.053222621367728984,
          -0.05322262136772899,
          -0.053222621367728984,
          -0.053222621367728984,
          0.0
        ]
      ],
      "mi_values": {
        "preg": 0.037221,
        "plas": 0.1229,
        "pres": 0.01938,
        "skin": 0.028113,
        "insu": 0.040844,
        "mass": 0.058866,
        "pedi": 0.016823,
        "age": 0.053223
      },
      "mi_comparison": {
        "jaccard_overlap": 0.3571,
        "spearman_rho": 0.8264,
        "spearman_pval": 0.011443,
        "top_synergy_pairs": [
          {
            "feature_i": "mass",
            "feature_j": "age",
            "synergy": 0.08453
          },
          {
            "feature_i": "plas",
            "feature_j": "mass",
            "synergy": 0.076252
          },
          {
            "feature_i": "preg",
            "feature_j": "mass",
            "synergy": 0.056901
          },
          {
            "feature_i": "plas",
            "feature_j": "age",
            "synergy": 0.055407
          },
          {
            "feature_i": "skin",
            "feature_j": "age",
            "synergy": 0.054093
          }
        ],
        "n_top_synergy": 10,
        "n_top_mi_pairs": 28,
        "n_overlap": 10
      },
      "synergy_graph": {
        "threshold": 0.047147,
        "n_edges": 7,
        "n_nodes": 8,
        "n_components": 3,
        "largest_clique_size": 3,
        "top_5_edges": [
          {
            "feature_i": "mass",
            "feature_j": "age",
            "synergy": 0.08453
          },
          {
            "feature_i": "plas",
            "feature_j": "mass",
            "synergy": 0.076252
          },
          {
            "feature_i": "preg",
            "feature_j": "mass",
            "synergy": 0.056901
          },
          {
            "feature_i": "plas",
            "feature_j": "age",
            "synergy": 0.055407
          },
          {
            "feature_i": "skin",
            "feature_j": "age",
            "synergy": 0.054093
          }
        ]
      },
      "timing": {
        "total_time_s": 83.77,
        "avg_time_per_pair_s": 2.9918,
        "n_pairs": 28,
        "completed_pairs": 28
      },
      "stability": {
        "n_subsamples": 5,
        "subsample_fraction": 0.8,
        "subsample_size": 614,
        "n_pairs": 28,
        "mean_spearman": 0.7802,
        "std_spearman": 0.0603,
        "all_correlations": [
          0.7121,
          0.7433,
          0.8654,
          0.7668,
          0.8172,
          0.7291,
          0.8774,
          0.7389,
          0.8385,
          0.7137
        ]
      }
    },
    {
      "dataset": "diabetes_binarized",
      "n_samples": 442,
      "n_features": 10,
      "n_features_used": 10,
      "n_classes": 2,
      "source": "data_id3",
      "pid_method": "BROJA",
      "synergy_matrix": [
        [
          0.0,
          0.0,
          0.027588369170950866,
          0.026632669814360188,
          0.036764239299178936,
          0.0450909487596709,
          0.04064558412263475,
          0.04067961810913667,
          0.03675996709219431,
          0.023749111338647655
        ],
        [
          0.0,
          0.0,
          0.0,
          0.0,
          0.0,
          0.0,
          0.0,
          0.0,
          0.0,
          0.0
        ],
        [
          0.027588369170950866,
          0.0,
          0.0,
          0.07298566941460782,
          0.028034004015166758,
          0.05853021963973637,
          0.051875504195870725,
          0.05764248851143616,
          0.09828233328828873,
          0.03469841150477304
        ],
        [
          0.026632669814360188,
          0.0,
          0.07298566941460782,
          0.0,
          0.04560399735583509,
          0.034109307063580285,
          0.098471571379243,
          0.05492115114461571,
          0.06402279587851423,
          0.04479666588005227
        ],
        [
          0.036764239299178936,
          0.0,
          0.028034004015166758,
          0.04560399735583509,
          0.0,
          0.020871116040538595,
          0.047605877033638944,
          0.02271445533228711,
          0.0543693454098797,
          0.04557635782218439
        ],
        [
          0.0450909487596709,
          0.0,
          0.05853021963973637,
          0.034109307063580285,
          0.020871116040538595,
          0.0,
          0.05265347394391773,
          0.029378196384224342,
          0.03554133121428382,
          0.03352030350938362
        ],
        [
          0.04064558412263475,
          0.0,
          0.051875504195870725,
          0.098471571379243,
          0.047605877033638944,
          0.05265347394391773,
          0.0,
          0.021891336536388417,
          0.04920741127511796,
          0.06094524672347168
        ],
        [
          0.04067961810913667,
          0.0,
          0.05764248851143616,
          0.05492115114461571,
          0.02271445533228711,
          0.029378196384224342,
          0.021891336536388417,
          0.0,
          0.02459392028484908,
          0.042321042667786024
        ],
        [
          0.03675996709219431,
          0.0,
          0.09828233328828873,
          0.06402279587851423,
          0.0543693454098797,
          0.03554133121428382,
          0.04920741127511796,
          0.02459392028484908,
          0.0,
          0.038931483098363806
        ],
        [
          0.023749111338647655,
          0.0,
          0.03469841150477304,
          0.04479666588005227,
          0.04557635782218439,
          0.03352030350938362,
          0.06094524672347168,
          0.042321042667786024,
          0.038931483098363806,
          0.0
        ]
      ],
      "coi_matrix": [
        [
          0.0,
          -0.0,
          -0.11451460423929327,
          -0.06946397185026465,
          -0.02089073744446318,
          -0.015721903391837544,
          -0.06711403196497763,
          -0.0787521313586251,
          -0.12220792113319318,
          -0.03967369717146485
        ],
        [
          -0.0,
          0.0,
          -0.11451460423929326,
          -0.06946397185026465,
          -0.02089073744446318,
          -0.015721903391837544,
          -0.06711403196497763,
          -0.0787521313586251,
          -0.12220792113319316,
          -0.03967369717146485
        ],
        [
          -0.11451460423929327,
          -0.11451460423929326,
          0.0,
          -0.06946397185026466,
          -0.020890737444463195,
          -0.015721903391837558,
          -0.06711403196497763,
          -0.07875213135862509,
          -0.12220792113319316,
          -0.039673697171464864
        ],
        [
          -0.06946397185026465,
          -0.06946397185026465,
          -0.06946397185026466,
          0.0,
          -0.02089073744446318,
          -0.015721903391837544,
          -0.06711403196497762,
          -0.0787521313586251,
          -0.12220792113319318,
          -0.03967369717146485
        ],
        [
          -0.02089073744446318,
          -0.02089073744446318,
          -0.020890737444463195,
          -0.02089073744446318,
          0.0,
          -0.015721903391837544,
          -0.06711403196497763,
          -0.0787521313586251,
          -0.12220792113319318,
          -0.03967369717146485
        ],
        [
          -0.015721903391837544,
          -0.015721903391837544,
          -0.015721903391837558,
          -0.015721903391837544,
          -0.015721903391837544,
          0.0,
          -0.06711403196497763,
          -0.0787521313586251,
          -0.12220792113319318,
          -0.03967369717146485
        ],
        [
          -0.06711403196497763,
          -0.06711403196497763,
          -0.06711403196497763,
          -0.06711403196497762,
          -0.06711403196497763,
          -0.06711403196497763,
          0.0,
          -0.07875213135862512,
          -0.12220792113319316,
          -0.03967369717146485
        ],
        [
          -0.0787521313586251,
          -0.0787521313586251,
          -0.07875213135862509,
          -0.0787521313586251,
          -0.0787521313586251,
          -0.0787521313586251,
          -0.07875213135862512,
          0.0,
          -0.12220792113319315,
          -0.03967369717146485
        ],
        [
          -0.12220792113319318,
          -0.12220792113319316,
          -0.12220792113319316,
          -0.12220792113319318,
          -0.12220792113319318,
          -0.12220792113319318,
          -0.12220792113319316,
          -0.12220792113319315,
          0.0,
          -0.039673697171464864
        ],
        [
          -0.03967369717146485,
          -0.03967369717146485,
          -0.039673697171464864,
          -0.03967369717146485,
          -0.03967369717146485,
          -0.03967369717146485,
          -0.03967369717146485,
          -0.03967369717146485,
          -0.039673697171464864,
          0.0
        ]
      ],
      "mi_values": {
        "age": 0.010964,
        "sex": 0.0,
        "bmi": 0.114515,
        "bp": 0.069464,
        "s1": 0.020891,
        "s2": 0.015722,
        "s3": 0.067114,
        "s4": 0.078752,
        "s5": 0.122208,
        "s6": 0.039674
      },
      "mi_comparison": {
        "jaccard_overlap": 0.2222,
        "spearman_rho": 0.7012,
        "spearman_pval": 0.023851,
        "top_synergy_pairs": [
          {
            "feature_i": "bp",
            "feature_j": "s3",
            "synergy": 0.098472
          },
          {
            "feature_i": "bmi",
            "feature_j": "s5",
            "synergy": 0.098282
          },
          {
            "feature_i": "bmi",
            "feature_j": "bp",
            "synergy": 0.072986
          },
          {
            "feature_i": "bp",
            "feature_j": "s5",
            "synergy": 0.064023
          },
          {
            "feature_i": "s3",
            "feature_j": "s6",
            "synergy": 0.060945
          }
        ],
        "n_top_synergy": 10,
        "n_top_mi_pairs": 45,
        "n_overlap": 10
      },
      "synergy_graph": {
        "threshold": 0.049207,
        "n_edges": 12,
        "n_nodes": 10,
        "n_components": 3,
        "largest_clique_size": 4,
        "top_5_edges": [
          {
            "feature_i": "bp",
            "feature_j": "s3",
            "synergy": 0.098472
          },
          {
            "feature_i": "bmi",
            "feature_j": "s5",
            "synergy": 0.098282
          },
          {
            "feature_i": "bmi",
            "feature_j": "bp",
            "synergy": 0.072986
          },
          {
            "feature_i": "bp",
            "feature_j": "s5",
            "synergy": 0.064023
          },
          {
            "feature_i": "s3",
            "feature_j": "s6",
            "synergy": 0.060945
          }
        ]
      },
      "timing": {
        "total_time_s": 116.13,
        "avg_time_per_pair_s": 2.5806,
        "n_pairs": 45,
        "completed_pairs": 45
      }
    },
    {
      "dataset": "wine",
      "n_samples": 178,
      "n_features": 13,
      "n_features_used": 13,
      "n_classes": 3,
      "source": "data_id2",
      "pid_method": "BROJA",
      "synergy_matrix": [
        [
          0.0,
          0.17452933606270982,
          0.18412096234699193,
          0.18917992728790267,
          0.24362802828947316,
          0.10538738893545618,
          0.16069350408293692,
          0.16064214924792575,
          0.16356922750911318,
          0.14765601472891543,
          0.13124840150297867,
          0.1195058921139851,
          0.18810474504897456
        ],
        [
          0.17452933606270982,
          0.0,
          0.2422071385471618,
          0.31585680076625033,
          0.2643164489624854,
          0.30556693860043405,
          0.1649638644239726,
          0.26858851236170533,
          0.24719110481287787,
          0.25939036012120287,
          0.18545943664530506,
          0.2885271941307206,
          0.26139182598601574
        ],
        [
          0.18412096234699193,
          0.2422071385471618,
          0.0,
          0.2650153885727793,
          0.2238849768623492,
          0.1392647556097777,
          0.1430648751382928,
          0.2496898804098393,
          0.17908508132014278,
          0.206348494503505,
          0.22123158282677702,
          0.1606740101130817,
          0.14444148061474493
        ],
        [
          0.18917992728790267,
          0.31585680076625033,
          0.2650153885727793,
          0.0,
          0.21028416147151496,
          0.25078860321631913,
          0.16742341084369095,
          0.20067005636433466,
          0.3202563197073385,
          0.16079115726923598,
          0.2092650122938382,
          0.23050731455960793,
          0.1452495997295209
        ],
        [
          0.24362802828947316,
          0.2643164489624854,
          0.2238849768623492,
          0.21028416147151496,
          0.0,
          0.11069276439371478,
          0.21074071948415218,
          0.20553452362395364,
          0.15620684537683216,
          0.22275209752524816,
          0.170312233400697,
          0.17272286555768046,
          0.18210463176306213
        ],
        [
          0.10538738893545618,
          0.30556693860043405,
          0.1392647556097777,
          0.25078860321631913,
          0.11069276439371478,
          0.0,
          0.036016924018348107,
          0.23259785641046715,
          0.19952938907423112,
          0.16507795674257197,
          0.2450919292401319,
          0.07086322564463776,
          0.17507181754390855
        ],
        [
          0.16069350408293692,
          0.1649638644239726,
          0.1430648751382928,
          0.16742341084369095,
          0.21074071948415218,
          0.036016924018348107,
          0.0,
          0.16606222120027603,
          0.0984143668137496,
          0.09910123765150258,
          0.2586592243135286,
          0.14578962609640733,
          0.09753131029979345
        ],
        [
          0.16064214924792575,
          0.26858851236170533,
          0.2496898804098393,
          0.20067005636433466,
          0.20553452362395364,
          0.23259785641046715,
          0.16606222120027603,
          0.0,
          0.2811733686536608,
          0.21637386875439324,
          0.18308719652250627,
          0.1360180662840289,
          0.2056948427710208
        ],
        [
          0.16356922750911318,
          0.24719110481287787,
          0.17908508132014278,
          0.3202563197073385,
          0.15620684537683216,
          0.19952938907423112,
          0.0984143668137496,
          0.2811733686536608,
          0.0,
          0.219000997976059,
          0.2486075079502723,
          0.11092328331736478,
          0.17372926414584589
        ],
        [
          0.14765601472891543,
          0.25939036012120287,
          0.206348494503505,
          0.16079115726923598,
          0.22275209752524816,
          0.16507795674257197,
          0.09910123765150258,
          0.21637386875439324,
          0.219000997976059,
          0.0,
          0.07235991682142151,
          0.1079086331833552,
          0.16249913979274755
        ],
        [
          0.13124840150297867,
          0.18545943664530506,
          0.22123158282677702,
          0.2092650122938382,
          0.170312233400697,
          0.2450919292401319,
          0.2586592243135286,
          0.18308719652250627,
          0.2486075079502723,
          0.07235991682142151,
          0.0,
          0.19215909690286814,
          0.16446602611189576
        ],
        [
          0.1195058921139851,
          0.2885271941307206,
          0.1606740101130817,
          0.23050731455960793,
          0.17272286555768046,
          0.07086322564463776,
          0.14578962609640733,
          0.1360180662840289,
          0.11092328331736478,
          0.1079086331833552,
          0.19215909690286814,
          0.0,
          0.11820199630726735
        ],
        [
          0.18810474504897456,
          0.26139182598601574,
          0.14444148061474493,
          0.1452495997295209,
          0.18210463176306213,
          0.17507181754390855,
          0.09753131029979345,
          0.2056948427710208,
          0.17372926414584589,
          0.16249913979274755,
          0.16446602611189576,
          0.11820199630726735,
          0.0
        ]
      ],
      "coi_matrix": [
        [
          0.0,
          -0.2513798299263063,
          -0.09114131044524271,
          -0.1952525071313021,
          -0.17640499808852844,
          -0.35959595674536343,
          -0.6184579783198658,
          -0.1720236691848725,
          -0.21988887626383619,
          -0.48163102999067203,
          -0.39061377733807284,
          -0.48746779710124527,
          -0.5313003837260772
        ],
        [
          -0.2513798299263063,
          0.0,
          -0.09114131044524276,
          -0.1952525071313021,
          -0.17640499808852844,
          -0.3595959567453634,
          -0.6184579783198658,
          -0.1720236691848725,
          -0.21988887626383624,
          -0.481631029990672,
          -0.3906137773380729,
          -0.4874677971012452,
          -0.5313003837260772
        ],
        [
          -0.09114131044524271,
          -0.09114131044524276,
          0.0,
          -0.1952525071313021,
          -0.17640499808852844,
          -0.3595959567453634,
          -0.6184579783198658,
          -0.1720236691848725,
          -0.21988887626383624,
          -0.481631029990672,
          -0.39061377733807284,
          -0.4874677971012452,
          -0.5313003837260772
        ],
        [
          -0.1952525071313021,
          -0.1952525071313021,
          -0.1952525071313021,
          0.0,
          -0.17640499808852844,
          -0.35959595674536343,
          -0.6184579783198658,
          -0.1720236691848725,
          -0.21988887626383624,
          -0.48163102999067203,
          -0.39061377733807284,
          -0.48746779710124527,
          -0.5313003837260772
        ],
        [
          -0.17640499808852844,
          -0.17640499808852844,
          -0.17640499808852844,
          -0.17640499808852844,
          0.0,
          -0.3595959567453633,
          -0.6184579783198658,
          -0.1720236691848725,
          -0.21988887626383624,
          -0.4816310299906719,
          -0.39061377733807284,
          -0.48746779710124516,
          -0.5313003837260772
        ],
        [
          -0.35959595674536343,
          -0.3595959567453634,
          -0.3595959567453634,
          -0.35959595674536343,
          -0.3595959567453633,
          0.0,
          -0.6184579783198658,
          -0.17202366918487255,
          -0.21988887626383624,
          -0.481631029990672,
          -0.3906137773380728,
          -0.4874677971012452,
          -0.5313003837260772
        ],
        [
          -0.6184579783198658,
          -0.6184579783198658,
          -0.6184579783198658,
          -0.6184579783198658,
          -0.6184579783198658,
          -0.6184579783198658,
          0.0,
          -0.17202366918487244,
          -0.21988887626383624,
          -0.48163102999067187,
          -0.3906137773380729,
          -0.4874677971012451,
          -0.5313003837260772
        ],
        [
          -0.1720236691848725,
          -0.1720236691848725,
          -0.1720236691848725,
          -0.1720236691848725,
          -0.1720236691848725,
          -0.17202366918487255,
          -0.17202366918487244,
          0.0,
          -0.21988887626383624,
          -0.48163102999067203,
          -0.39061377733807284,
          -0.48746779710124527,
          -0.5313003837260772
        ],
        [
          -0.21988887626383619,
          -0.21988887626383624,
          -0.21988887626383624,
          -0.21988887626383624,
          -0.21988887626383624,
          -0.21988887626383624,
          -0.21988887626383624,
          -0.21988887626383624,
          0.0,
          -0.481631029990672,
          -0.3906137773380729,
          -0.4874677971012452,
          -0.5313003837260772
        ],
        [
          -0.48163102999067203,
          -0.481631029990672,
          -0.481631029990672,
          -0.48163102999067203,
          -0.4816310299906719,
          -0.481631029990672,
          -0.48163102999067187,
          -0.48163102999067203,
          -0.481631029990672,
          0.0,
          -0.3906137773380728,
          -0.4874677971012452,
          -0.5313003837260774
        ],
        [
          -0.39061377733807284,
          -0.3906137773380729,
          -0.39061377733807284,
          -0.39061377733807284,
          -0.39061377733807284,
          -0.3906137773380728,
          -0.3906137773380729,
          -0.39061377733807284,
          -0.3906137773380729,
          -0.3906137773380728,
          0.0,
          -0.48746779710124516,
          -0.5313003837260772
        ],
        [
          -0.48746779710124527,
          -0.4874677971012452,
          -0.4874677971012452,
          -0.48746779710124527,
          -0.48746779710124516,
          -0.4874677971012452,
          -0.4874677971012451,
          -0.48746779710124527,
          -0.4874677971012452,
          -0.4874677971012452,
          -0.48746779710124516,
          0.0,
          -0.5313003837260774
        ],
